   4.1000000e+01
   5.1000000e+01
   5.5000000e+01
   4.9000000e+01
   4.9000000e+01
   5.0000000e+01
   5.3000000e+01
   5.5000000e+01
   5.7000000e+01
   6.4000000e+01
   7.7000000e+01
   9.3000000e+01
   1.1700000e+02
   1.4100000e+02
   1.6000000e+02
   1.7300000e+02
   1.8000000e+02
   1.9400000e+02
   3.8000000e+01
   4.5000000e+01
   6.0000000e+01
   6.9000000e+01
   8.5000000e+01
   1.0200000e+02
   1.2100000e+02
   1.4900000e+02
   1.7200000e+02
   1.8800000e+02
   1.9700000e+02
   2.0200000e+02
   2.0300000e+02
   2.0700000e+02
   2.1000000e+02
   2.1500000e+02
   2.2600000e+02
