  3.6760000e+000
  3.4940000e+000
  3.2800000e+000
  3.4970000e+000
  3.5040000e+000
  3.3630000e+000
  3.6990000e+000
  3.4510000e+000
  3.7160000e+000
  3.3800000e+000
  3.7100000e+000
  3.7660000e+000
  3.3060000e+000
  3.4370000e+000
  3.5560000e+000
  3.5830000e+000
  3.5500000e+000
  3.4960000e+000
  3.5050000e+000
  3.6860000e+000
  3.5950000e+000
  3.2120000e+000
  3.3000000e+000
  3.2260000e+000
  3.6700000e+000
  3.8220000e+000
  3.6610000e+000
  3.1760000e+000
  3.6190000e+000
  3.4600000e+000
  3.7870000e+000
  3.6770000e+000
  3.5240000e+000
  3.8320000e+000
  3.6930000e+000
  3.5690000e+000
  3.5570000e+000
  3.4040000e+000
  3.5070000e+000
  3.7200000e+000
  3.6450000e+000
  3.7510000e+000
  3.2510000e+000
  3.0880000e+000
  3.4460000e+000
  3.4910000e+000
  3.6410000e+000
  3.5900000e+000
  3.5410000e+000
  3.4570000e+000
