  8.3380000e+000
  9.2860000e+000
  8.2770000e+000
  8.6130000e+000
  9.3890000e+000
  8.2850000e+000
  9.4100000e+000
  8.4790000e+000
  9.5950000e+000
  7.6540000e+000
  8.7290000e+000
  9.1790000e+000
  7.8730000e+000
  8.4670000e+000
  8.5040000e+000
  8.5060000e+000
  8.2880000e+000
  9.1250000e+000
  8.2250000e+000
  7.9080000e+000
  9.3130000e+000
  8.4120000e+000
  9.4520000e+000
  8.2710000e+000
  8.8420000e+000
  8.8230000e+000
  8.9520000e+000
  8.1320000e+000
  9.3340000e+000
  9.3330000e+000
  8.7370000e+000
  7.7880000e+000
  9.0920000e+000
  9.0180000e+000
  8.2680000e+000
  8.4350000e+000
  9.3540000e+000
  8.1470000e+000
  8.7280000e+000
  8.6580000e+000
  8.6850000e+000
  8.9860000e+000
  7.8760000e+000
  9.0210000e+000
  8.8380000e+000
  8.3610000e+000
  8.3810000e+000
  8.7160000e+000
  9.7110000e+000
  8.4990000e+000
