  6.5547000e+001
  6.4266000e+001
  6.5441000e+001
  6.4506000e+001
  6.3263000e+001
  6.5795000e+001
  6.3513000e+001
  6.4933000e+001
  6.3631000e+001
  6.5903000e+001
  6.5427000e+001
  6.5107000e+001
  6.5337000e+001
  6.4882000e+001
  6.6472000e+001
  6.4787000e+001
  6.4464000e+001
  6.3567000e+001
  6.5374000e+001
  6.5437000e+001
  6.4367000e+001
  6.4420000e+001
  6.3913000e+001
  6.4895000e+001
  6.4582000e+001
  6.5601000e+001
  6.4148000e+001
  6.5209000e+001
  6.3356000e+001
  6.2826000e+001
  6.5386000e+001
  6.5808000e+001
  6.3823000e+001
  6.4620000e+001
  6.5720000e+001
  6.5637000e+001
  6.3247000e+001
  6.5022000e+001
  6.4287000e+001
  6.4851000e+001
  6.5474000e+001
  6.4539000e+001
  6.5233000e+001
  6.3784000e+001
  6.4131000e+001
  6.5294000e+001
  6.5841000e+001
  6.4923000e+001
  6.3099000e+001
  6.4656000e+001
