   1.0320000e+01   3.6760000e+00   8.3380000e+00   6.5547000e+01
   1.0080000e+01   3.4940000e+00   9.2860000e+00   6.4266000e+01
   1.0296000e+01   3.2800000e+00   8.2770000e+00   6.5441000e+01
   9.3770000e+00   3.4970000e+00   8.6130000e+00   6.4506000e+01
   1.0260000e+01   3.5040000e+00   9.3890000e+00   6.3263000e+01
   9.8170000e+00   3.3630000e+00   8.2850000e+00   6.5795000e+01
   9.7320000e+00   3.6990000e+00   9.4100000e+00   6.3513000e+01
   9.9730000e+00   3.4510000e+00   8.4790000e+00   6.4933000e+01
   9.7390000e+00   3.7160000e+00   9.5950000e+00   6.3631000e+01
   1.0509000e+01   3.3800000e+00   7.6540000e+00   6.5903000e+01
   9.7800000e+00   3.7100000e+00   8.7290000e+00   6.5427000e+01
   9.7480000e+00   3.7660000e+00   9.1790000e+00   6.5107000e+01
   1.0568000e+01   3.3060000e+00   7.8730000e+00   6.5337000e+01
   1.0025000e+01   3.4370000e+00   8.4670000e+00   6.4882000e+01
   9.7540000e+00   3.5560000e+00   8.5040000e+00   6.6472000e+01
   1.0336000e+01   3.5830000e+00   8.5060000e+00   6.4787000e+01
   1.0855000e+01   3.5500000e+00   8.2880000e+00   6.4464000e+01
   1.0313000e+01   3.4960000e+00   9.1250000e+00   6.3567000e+01
   9.9500000e+00   3.5050000e+00   8.2250000e+00   6.5374000e+01
   1.0831000e+01   3.6860000e+00   7.9080000e+00   6.5437000e+01
   1.0597000e+01   3.5950000e+00   9.3130000e+00   6.4367000e+01
   1.0747000e+01   3.2120000e+00   8.4120000e+00   6.4420000e+01
   9.8570000e+00   3.3000000e+00   9.4520000e+00   6.3913000e+01
   1.0525000e+01   3.2260000e+00   8.2710000e+00   6.4895000e+01
   1.0143000e+01   3.6700000e+00   8.8420000e+00   6.4582000e+01
   9.6410000e+00   3.8220000e+00   8.8230000e+00   6.5601000e+01
   1.0292000e+01   3.6610000e+00   8.9520000e+00   6.4148000e+01
   1.0587000e+01   3.1760000e+00   8.1320000e+00   6.5209000e+01
   1.0108000e+01   3.6190000e+00   9.3340000e+00   6.3356000e+01
   1.0302000e+01   3.4600000e+00   9.3330000e+00   6.2826000e+01
   9.4070000e+00   3.7870000e+00   8.7370000e+00   6.5386000e+01
   9.9780000e+00   3.6770000e+00   7.7880000e+00   6.5808000e+01
   1.0221000e+01   3.5240000e+00   9.0920000e+00   6.3823000e+01
   9.6730000e+00   3.8320000e+00   9.0180000e+00   6.4620000e+01
   9.9420000e+00   3.6930000e+00   8.2680000e+00   6.5720000e+01
   1.0371000e+01   3.5690000e+00   8.4350000e+00   6.5637000e+01
   1.0993000e+01   3.5570000e+00   9.3540000e+00   6.3247000e+01
   1.0817000e+01   3.4040000e+00   8.1470000e+00   6.5022000e+01
   1.0253000e+01   3.5070000e+00   8.7280000e+00   6.4287000e+01
   1.0409000e+01   3.7200000e+00   8.6580000e+00   6.4851000e+01
   9.6910000e+00   3.6450000e+00   8.6850000e+00   6.5474000e+01
   1.0303000e+01   3.7510000e+00   8.9860000e+00   6.4539000e+01
   1.0785000e+01   3.2510000e+00   7.8760000e+00   6.5233000e+01
   9.9580000e+00   3.0880000e+00   9.0210000e+00   6.3784000e+01
   9.4300000e+00   3.4460000e+00   8.8380000e+00   6.4131000e+01
   9.9500000e+00   3.4910000e+00   8.3610000e+00   6.5294000e+01
   1.0143000e+01   3.6410000e+00   8.3810000e+00   6.5841000e+01
   1.0323000e+01   3.5900000e+00   8.7160000e+00   6.4923000e+01
   1.0169000e+01   3.5410000e+00   9.7110000e+00   6.3099000e+01
   1.0451000e+01   3.4570000e+00   8.4990000e+00   6.4656000e+01
