   7.2600000e+01
   5.1600000e+01
   5.2900000e+01
   6.6800000e+01
   7.3600000e+01
   4.4000000e+01
   5.0300000e+01
   5.6900000e+01
   7.2500000e+01
   5.5400000e+01
   7.2500000e+01
   6.7100000e+01
   7.2500000e+01
   7.2500000e+01
   6.9300000e+01
   4.8600000e+01
   4.6000000e+01
   6.3600000e+01
   6.9500000e+01
   7.2500000e+01
   4.9600000e+01
   6.4600000e+01
   5.3500000e+01
   7.0500000e+01
   7.3900000e+01
   6.9400000e+01
   7.2700000e+01
   7.1500000e+01
   3.2900000e+01
   6.8500000e+01
   7.0000000e+01
   6.9300000e+01
   6.4600000e+01
   4.1000000e+01
   7.2700000e+01
   5.8000000e+01
   7.1800000e+01
   7.3100000e+01
   7.2900000e+01
   7.2700000e+01
   5.8700000e+01
   6.2700000e+01
   7.2700000e+01
   7.5600000e+01
   3.2800000e+01
   6.3300000e+01
   6.9400000e+01
   7.3200000e+01
   5.9700000e+01
   6.7500000e+01
   6.9500000e+01
   6.7900000e+01
   5.8300000e+01
   5.9800000e+01
   6.4700000e+01
   7.1100000e+01
   7.1100000e+01
   7.1900000e+01
   7.3000000e+01
   7.4300000e+01
   5.3300000e+01
   7.2400000e+01
   6.6300000e+01
   6.5200000e+01
   6.5000000e+01
   7.1400000e+01
   6.0500000e+01
   3.4050000e+01
   5.7600000e+01
   4.0700000e+01
   5.1600000e+01
   5.7900000e+01
   6.4600000e+01
   7.0300000e+01
   5.4200000e+01
   6.5600000e+01
   4.1400000e+01
   5.2200000e+01
   7.3400000e+01
   6.2400000e+01
   7.1600000e+01
   7.1000000e+01
   5.2500000e+01
   7.5600000e+01
   7.0300000e+01
   6.5500000e+01
   4.9100000e+01
   6.8600000e+01
   4.8500000e+01
   7.2600000e+01
   6.7300000e+01
   7.3500000e+01
   7.2100000e+01
   6.0600000e+01
   7.4200000e+01
   5.5500000e+01
   6.5500000e+01
   5.2500000e+01
   7.6600000e+01
   5.3500000e+01
   7.2800000e+01
   5.5600000e+01
   5.3600000e+01
   3.3000000e+01
   5.5400000e+01
   7.4500000e+01
   6.1400000e+01
   7.4000000e+01
   6.6200000e+01
   7.1300000e+01
   7.3500000e+01
   5.1500000e+01
   3.9300000e+01
   6.3000000e+01
   5.5500000e+01
   7.0900000e+01
   7.1900000e+01
   7.4600000e+01
   6.7300000e+01
   7.3400000e+01
   6.9300000e+01
   6.3600000e+01
   4.4000000e+01
   6.6200000e+01
   7.6100000e+01
   7.3500000e+01
   6.6200000e+01
   4.1200000e+01
   6.9200000e+01
   7.3100000e+01
   7.3400000e+01
   6.6800000e+01
   7.1600000e+01
   6.0600000e+01
   6.7300000e+01
   4.0200000e+01
   6.6700000e+01
   4.2200000e+01
   4.9500000e+01
   4.4900000e+01
   5.4900000e+01
   5.4100000e+01
   5.6700000e+01
   6.1700000e+01
   5.0600000e+01
   7.3600000e+01
   7.0300000e+01
   7.2500000e+01
   6.2500000e+01
   6.9000000e+01
   6.3600000e+01
   4.2100000e+01
   5.1400000e+01
   5.8300000e+01
   7.2000000e+01
   6.5700000e+01
   7.0800000e+01
   6.1400000e+01
   3.9500000e+01
   6.9800000e+01
   7.2100000e+01
   7.1500000e+01
   6.8700000e+01
   6.2400000e+01
   7.4000000e+01
   6.5700000e+01
   6.5900000e+01
   4.9500000e+01
   7.4100000e+01
   6.1400000e+01
