   6.8000000e+00
   3.3800000e+01
   3.2200000e+01
   1.4300000e+01
   6.0000000e+00
   4.2700000e+01
   3.0400000e+01
   2.6700000e+01
   6.4000000e+00
   2.9200000e+01
   6.4000000e+00
   1.8600000e+01
   6.4000000e+00
   6.9000000e+00
   1.0100000e+01
   3.7800000e+01
   4.0100000e+01
   1.7000000e+01
   9.2000000e+00
   8.2000000e+00
   3.6500000e+01
   1.3500000e+01
   2.7800000e+01
   9.7000000e+00
   4.7000000e+00
   9.3000000e+00
   2.9000000e+00
   8.6000000e+00
   5.7900000e+01
   9.7000000e+00
   6.6000000e+00
   1.0100000e+01
   1.7200000e+01
   4.7800000e+01
   2.9000000e+00
   2.3000000e+01
   7.8000000e+00
   5.2000000e+00
   1.1200000e+01
   6.4000000e+00
   2.4900000e+01
   1.5900000e+01
   7.2000000e+00
   2.0000000e+00
   5.6600000e+01
   1.7400000e+01
   1.0900000e+01
   4.4000000e+00
   1.7700000e+01
   1.2200000e+01
   9.6000000e+00
   1.0100000e+01
   2.5500000e+01
   2.3300000e+01
   1.6000000e+01
   6.1000000e+00
   1.0700000e+01
   7.3000000e+00
   4.6000000e+00
   2.8000000e+00
   3.1100000e+01
   6.4000000e+00
   1.0400000e+01
   1.1100000e+01
   1.6400000e+01
   3.5000000e+00
   2.0900000e+01
   5.6130000e+01
   2.6500000e+01
   4.7700000e+01
   3.1500000e+01
   2.6100000e+01
   1.3500000e+01
   1.1000000e+01
   2.7900000e+01
   1.5700000e+01
   4.6000000e+01
   3.3700000e+01
   7.1000000e+00
   2.2400000e+01
   9.2000000e+00
   8.4000000e+00
   3.1500000e+01
   2.0000000e+00
   8.5000000e+00
   1.3500000e+01
   3.5800000e+01
   1.2700000e+01
   3.8500000e+01
   6.8000000e+00
   1.4000000e+01
   5.6000000e+00
   7.2000000e+00
   2.5100000e+01
   5.6000000e+00
   2.8900000e+01
   1.2500000e+01
   3.1500000e+01
   9.0000000e-01
   2.7800000e+01
   5.9000000e+00
   2.8300000e+01
   2.8800000e+01
   5.8500000e+01
   2.9200000e+01
   5.2000000e+00
   1.4600000e+01
   3.6000000e+00
   1.6400000e+01
   1.3800000e+01
   3.7000000e+00
   3.4200000e+01
   4.9100000e+01
   1.8100000e+01
   2.9000000e+01
   9.0000000e+00
   7.9000000e+00
   5.1000000e+00
   1.0100000e+01
   5.6000000e+00
   1.0600000e+01
   1.7000000e+01
   4.2700000e+01
   1.6300000e+01
   1.4000000e+00
   5.6000000e+00
   1.6500000e+01
   4.6500000e+01
   1.0500000e+01
   6.0000000e+00
   6.8000000e+00
   1.1700000e+01
   7.7000000e+00
   2.1200000e+01
   7.2000000e+00
   4.8200000e+01
   1.5400000e+01
   4.3800000e+01
   3.5200000e+01
   4.2500000e+01
   2.8700000e+01
   2.9800000e+01
   2.6000000e+01
   1.8800000e+01
   3.6200000e+01
   6.2000000e+00
   8.5000000e+00
   6.6000000e+00
   1.9400000e+01
   1.1200000e+01
   1.8200000e+01
   4.6300000e+01
   3.2000000e+01
   2.5500000e+01
   7.1000000e+00
   1.1000000e+01
   7.7000000e+00
   1.9900000e+01
   4.8500000e+01
   4.0000000e+00
   4.8000000e+00
   6.7000000e+00
   1.1000000e+01
   2.0600000e+01
   4.6000000e+00
   1.1200000e+01
   1.5500000e+01
   3.5200000e+01
   6.3000000e+00
   1.4600000e+01
