   1.9600000e+01
   1.3800000e+01
   1.4100000e+01
   1.7400000e+01
   2.0100000e+01
   1.3700000e+01
   1.9200000e+01
   1.5600000e+01
   2.0900000e+01
   1.5000000e+01
   2.0900000e+01
   1.1600000e+01
   2.0900000e+01
   2.0200000e+01
   2.0500000e+01
   1.3800000e+01
   1.3500000e+01
   1.9700000e+01
   2.1500000e+01
   1.9300000e+01
   1.3900000e+01
   1.6700000e+01
   1.3200000e+01
   1.9200000e+01
   2.1100000e+01
   1.8200000e+01
   2.1700000e+01
   1.9400000e+01
   9.8000000e+00
   2.1600000e+01
   2.3200000e+01
   2.0500000e+01
   1.9400000e+01
   1.1600000e+01
   2.1700000e+01
   1.8700000e+01
   2.0200000e+01
   2.0700000e+01
   1.3700000e+01
   2.0400000e+01
   1.6000000e+01
   2.1000000e+01
   1.8900000e+01
   2.1400000e+01
   9.5000000e+00
   1.9200000e+01
   1.9100000e+01
   2.2100000e+01
   1.5800000e+01
   2.0100000e+01
   2.0100000e+01
   1.9500000e+01
   1.5500000e+01
   1.6400000e+01
   1.9000000e+01
   2.1500000e+01
   1.7700000e+01
   2.0100000e+01
   2.3200000e+01
   2.2400000e+01
   1.6300000e+01
   2.0600000e+01
   2.2400000e+01
   1.9200000e+01
   1.7400000e+01
   2.1500000e+01
   1.7200000e+01
   9.7900000e+00
   1.1100000e+01
   1.1800000e+01
   1.7100000e+01
   1.5300000e+01
   1.6700000e+01
   1.9300000e+01
   1.7600000e+01
   1.8400000e+01
   1.2500000e+01
   1.4200000e+01
   1.8800000e+01
   1.1500000e+01
   1.8700000e+01
   2.0500000e+01
   1.6000000e+01
   2.1400000e+01
   2.1000000e+01
   1.6200000e+01
   1.5200000e+01
   1.7800000e+01
   1.2200000e+01
   1.9600000e+01
   1.8600000e+01
   2.0000000e+01
   2.0500000e+01
   1.1000000e+01
   1.9500000e+01
   1.5200000e+01
   1.7000000e+01
   1.6000000e+01
   2.1200000e+01
   1.3200000e+01
   2.0700000e+01
   1.6300000e+01
   1.8200000e+01
   8.8000000e+00
   1.5000000e+01
   2.0200000e+01
   1.5800000e+01
   2.1600000e+01
   1.7400000e+01
   1.2600000e+01
   2.2300000e+01
   1.4900000e+01
   1.3100000e+01
   1.8600000e+01
   1.6600000e+01
   1.9900000e+01
   1.9100000e+01
   1.9600000e+01
   2.0100000e+01
   2.0500000e+01
   1.9300000e+01
   1.9700000e+01
   1.3700000e+01
   1.7500000e+01
   2.1600000e+01
   2.0000000e+01
   1.7200000e+01
   1.1100000e+01
   1.9600000e+01
   1.9600000e+01
   1.8700000e+01
   1.9000000e+01
   2.0700000e+01
   1.7800000e+01
   2.0100000e+01
   1.1000000e+01
   1.7200000e+01
   1.3300000e+01
   1.5200000e+01
   1.2000000e+01
   1.4300000e+01
   1.5700000e+01
   1.6800000e+01
   1.9500000e+01
   1.3400000e+01
   1.9300000e+01
   2.1000000e+01
   2.0400000e+01
   1.7900000e+01
   1.9500000e+01
   1.7200000e+01
   1.1500000e+01
   1.6000000e+01
   1.5500000e+01
   1.9000000e+01
   1.6300000e+01
   2.0800000e+01
   1.7700000e+01
   1.2000000e+01
   2.1300000e+01
   2.1600000e+01
   2.1500000e+01
   2.0000000e+01
   1.7100000e+01
   2.0800000e+01
   1.9400000e+01
   1.9200000e+01
   1.5200000e+01
   1.9200000e+01
   1.5800000e+01
